59.03 52.50 45.79 90.19 37.93 77.56 51.70 53.02 71.04 39.84
80.17 71.80 77.61 32.43 43.10 61.64 49.36 76.96 57.08 65.00
47.70 69.97 80.09 48.79 52.27 31.46 72.57 72.19 68.56 72.45
48.90 97.58 94.95 64.68 88.77 33.89 43.24 41.47 56.90 84.27
51.30 38.07 57.08 98.92 40.50 70.18 61.56 59.87 48.13 88.63
94.87 65.84 59.60 75.96 84.63 81.87 77.42 58.20 55.06 46.98
31.65 73.96 45.56 96.60 39.64 35.33 31.49 52.88 46.80 58.39
38.15 68.10 66.46 65.23 68.02 76.96 36.40 30.57 37.83 54.54
89.21 33.70 90.37 49.81 79.66 76.00 32.68 58.08 35.20 57.74
75.05 36.85 32.70 90.61 34.45 42.35 95.94 35.93 65.23 43.74
64.32 73.38 81.84 31.78 39.61 50.86 78.74 46.01 51.43 86.58
70.55 41.64 90.27 61.92 61.45 70.93 38.92 64.13 30.00 44.12
91.87 75.06 50.97 94.58 66.67 55.41 37.92 63.62 61.35 73.15
77.36 95.67 47.53 60.20 97.45 57.14 81.06 77.19 73.15 33.49
64.77 44.70 45.13 56.04 76.62 76.57 96.97 85.54 41.70 96.97
30.66 34.57 73.03 51.63 30.15 40.70 77.04 38.07 74.32 39.39
81.22 52.68 36.05 98.75 82.87 34.50 56.88 64.93 81.69 31.03
68.42 47.46 45.73 83.54 73.50 92.35 61.12 71.46 78.89 72.82
69.44 79.55 77.39 43.46 32.18 77.54 54.17 79.22 85.61 98.48
88.61 67.83 52.16 94.67 67.58 36.03 30.17 94.46 70.96 81.86
95.49 40.38 30.32 42.22 93.92 73.82 35.57 56.04 46.28 84.45
98.85 85.72 65.01 77.25 30.18 67.19 55.79 54.35 47.41 42.40
53.83 37.02 80.23 75.99 32.69 48.81 82.02 32.86 44.27 53.98
84.72 40.76 64.36 85.04 52.98 59.28 59.85 58.55 85.31 76.13
44.00 85.17 62.85 79.01 63.41 63.03 47.19 89.20 87.38 64.60
32.60 42.21 71.63 82.83 88.20 74.32 32.64 71.22 77.17 46.91
95.20 62.89 57.68 60.56 48.93 80.66 89.84 78.78 40.21 76.15
55.92 54.21 62.32 88.77 34.22 95.73 52.80 51.41 85.93 41.18
86.01 88.52 53.38 58.64 72.35 42.58 33.96 74.99 83.80 81.13
91.91 80.01 45.03 50.58 41.57 63.96 32.24 32.41 43.74 42.45
78.56 69.66 66.66 41.88 59.43 70.88 38.61 82.23 92.29 94.53
93.40 79.30 84.05 47.79 38.95 57.41 60.37 42.90 33.40 45.17
94.04 95.31 95.18 40.06 46.89 37.75 74.02 49.13 40.16 87.76
61.59 88.72 58.42 98.25 31.59 87.85 70.13 40.20 71.07 63.42
35.73 65.47 43.72 89.79 83.26 52.67 48.19 44.63 65.57 51.59
59.80 60.61 47.90 55.98 70.68 64.79 63.73 45.70 83.92 73.88
34.46 46.51 63.60 62.88 45.76 65.20 51.73 85.89 75.40 92.80
50.31 81.13 59.27 64.03 71.92 43.53 86.71 90.11 58.16 53.28
42.70 87.96 83.89 60.60 44.94 55.57 95.38 78.67 71.26 80.30
53.55 75.72 96.81 87.15 39.60 43.57 53.35 61.33 30.46 98.74
55.13 50.77 80.87 84.40 84.81 53.79 97.93 72.51 44.90 57.09
95.79 57.60 46.06 80.68 88.19 61.00 37.25 84.57 40.67 78.51
65.88 64.22 55.23 63.69 52.37 64.83 77.26 75.72 96.16 77.72
75.46 52.28 98.49 57.34 37.68 84.30 81.13 36.61 57.81 96.02
63.71 54.60 54.62 79.76 36.29 43.81 41.76 43.54 98.38 52.43
92.05 65.26 86.64 48.28 98.95 40.01 83.11 77.21 85.73 80.26
55.94 62.20 33.55 55.43 89.53 41.23 40.73 71.66 47.84 68.55
68.68 81.55 93.15 93.30 62.31 30.44 38.11 74.08 43.97 37.49
96.50 37.02 72.75 84.15 55.30 72.70 94.16 39.41 50.92 80.89
89.67 76.85 44.09 93.22 33.28 34.62 35.45 44.02 76.28 53.29
82.56 45.96 35.84 76.71 40.26 68.15 77.15 48.36 43.23 91.13
55.85 40.73 98.15 98.60 94.88 54.45 72.31 90.04 63.85 93.22
71.94 54.52 71.08 86.03 48.74 74.36 90.65 54.19 88.38 67.93
77.48 71.94 83.89 83.31 49.66 94.15 52.47 96.81 43.52 65.70
88.94 69.37 76.43 88.08 68.97 72.31 43.53 42.28 63.35 77.38
36.50 36.29 32.91 77.58 92.31 51.65 52.94 83.96 75.84 42.32
52.89 54.31 84.26 37.79 38.63 34.92 32.94 61.09 32.73 46.46
96.79 91.66 85.82 74.22 80.75 55.80 47.53 94.28 68.08 80.88
72.66 74.58 87.16 75.56 53.16 80.48 97.21 76.10 65.44 74.05
88.42 88.33 98.36 73.68 96.12 37.99 78.60 30.06 69.08 81.33
46.51 66.87 73.99 33.34 42.09 55.74 59.14 59.62 51.02 97.22
41.49 93.68 72.80 98.66 70.24 95.97 80.13 68.45 73.07 46.57
43.50 62.49 35.90 42.86 37.17 33.02 50.85 85.77 33.08 89.94
68.10 49.60 57.81 43.09 52.94 69.90 68.83 82.08 30.51 89.85
80.29 42.01 84.52 54.10 41.66 55.77 51.06 91.80 94.22 94.13
39.37 38.72 57.62 45.27 51.59 64.79 48.30 72.44 51.56 51.38
63.38 89.65 70.98 91.19 33.74 93.92 62.08 72.57 76.99 62.60
63.42 58.29 74.61 48.95 82.38 86.27 74.71 34.45 79.07 69.93
98.58 88.44 78.66 57.19 34.71 31.24 91.98 53.01 73.69 44.54
74.39 38.06 35.19 46.37 30.25 38.94 41.29 62.33 81.51 88.28
94.93 45.93 47.57 70.54 64.88 30.95 57.81 40.59 35.40 37.87
80.52 34.98 96.31 60.18 62.17 32.02 61.42 55.15 55.03 36.11
69.69 30.42 44.17 74.88 46.79 44.42 83.82 58.07 76.76 66.33
47.36 72.69 82.26 64.93 44.23 48.14 65.88 72.03 58.73 71.28
79.91 40.25 76.26 77.22 70.43 39.43 79.24 32.85 64.58 35.26
38.96 35.27 35.68 53.13 80.15 52.46 67.56 64.97 80.54 45.32
32.30 97.89 88.01 84.56 63.82 33.23 33.70 30.70 75.27 62.42
71.98 56.18 72.67 49.24 34.39 44.10 58.66 83.63 46.95 93.24
88.89 55.91 98.51 94.57 79.04 79.66 48.03 47.60 45.64 98.57
62.92 47.94 97.46 51.93 33.50 62.28 55.16 37.19 62.98 31.43
69.62 35.96 57.60 43.29 55.19 62.00 57.38 83.86 46.62 74.33
78.10 36.51 31.24 77.61 32.08 80.28 58.28 50.11 97.88 73.91
49.68 61.79 91.85 48.14 83.72 95.34 80.42 39.88 33.54 44.40
41.31 73.16 50.35 68.91 86.44 75.55 31.91 44.83 60.40 48.53
89.16 39.50 55.05 90.40 87.11 57.13 71.67 46.39 77.24 70.55
90.30 96.92 33.35 83.14 46.06 87.07 79.49 96.48 96.95 83.03
41.88 39.25 57.18 62.24 78.17 44.63 38.78 80.07 59.46 69.18
98.61 49.61 78.68 54.65 41.01 66.79 81.78 82.69 83.18 60.03
54.24 74.48 57.95 57.58 58.62 74.01 45.65 39.11 71.50 43.59
92.14 83.38 52.85 50.32 46.62 32.01 64.95 55.40 82.09 94.41
94.58 81.69 45.02 74.26 37.35 56.03 42.05 89.13 39.72 95.23
50.16 63.96 70.71 78.11 91.54 30.33 53.12 38.19 39.44 94.62
51.78 32.58 78.99 74.63 52.90 95.61 76.64 87.85 52.01 59.73
83.26 47.59 42.42 98.29 91.85 49.77 55.32 34.90 39.90 65.04
31.13 60.06 98.99 71.84 39.17 91.53 72.17 62.29 30.72 81.61
57.90 52.50 84.18 37.90 97.12 38.08 34.51 74.76 95.94 56.51
35.48 80.20 74.10 47.90 79.49 66.94 67.67 35.81 71.84 77.58
70.85 72.98 38.64 70.84 45.81 47.81 63.37 87.98 80.09 64.09
70.59 38.99 86.59 55.77 46.89 84.71 63.86 51.39 60.47 60.79
77.91 65.95 42.00 53.00 83.85 91.48 89.95 52.53 97.29 62.79
