59.54 69.81 68.99 68.73 82.04 70.38 92.46 42.32 69.80 52.91
72.23 79.74 87.68 78.18 81.36 93.04 94.01 78.50 75.40 44.92
59.80 76.86 84.00 46.19 43.01 42.31 86.07 70.60 77.43 97.29
66.65 96.96 69.10 95.64 67.69 53.14 68.02 62.15 55.46 97.82
75.06 87.69 79.56 64.75 67.87 62.92 59.79 63.88 43.42 95.18
68.80 63.22 74.04 54.80 69.41 77.05 57.10 57.48 49.65 94.53
56.77 76.29 93.49 85.87 73.93 63.18 41.01 43.95 85.34 56.46
43.77 62.40 46.15 83.33 87.15 74.03 48.25 48.94 97.90 51.67
46.12 68.70 74.89 80.16 83.50 46.30 59.21 42.60 63.78 68.86
97.13 80.55 47.15 92.63 68.43 81.08 57.81 69.43 85.02 45.15
