Testcase 0
  0 1
0| | |
1| | |
  0 1
0|2| |
1| | |
Error: wrong column or row specified.
  0 1
0|2| |
1| | |
  0 1
0|2| |
1| |2|
You won!
Testcase 1
  0
0| |
1| |
2| |
3| |
4| |
5| |
6| |
7| |
8| |
  0
0| |
1| |
2| |
3| |
4| |
5| |
6| |
7| |
8|1|
  0
0|1|
1| |
2| |
3| |
4| |
5| |
6| |
7| |
8|1|
  0
0|1|
1| |
2|1|
3| |
4| |
5| |
6| |
7| |
8|1|
  0
0|1|
1| |
2|1|
3| |
4| |
5| |
6| |
7|X|
8|1|
You lost!
Testcase 2
  0 1
0| | |
1| | |
  0 1
0|2| |
1| | |
  0 1
0|2| |
1|X| |
You lost!
Testcase 3
  0 1
0| | |
1| | |
2| | |
  0 1
0|2| |
1| | |
2| | |
  0 1
0|2| |
1| | |
2| |1|
  0 1
0|2| |
1| | |
2|1|1|
  0 1
0|2| |
1| |2|
2|1|1|
You won!
Testcase 4
  0 1 2
0| | | |
1| | | |
  0 1 2
0|1| | |
1| | | |
  0 1 2
0|1| |X|
1| | | |
You lost!
